Fecha 1
15 2 0 20
5 0 1 2
18 2 0 22
10 0 1 4
23 0 0 14
0 1 1 26
9 2 3 6
1 0 1 28
29 1 0 24
3 0 1 16
8 3 1 19
21 2 0 7
27 1 4 11
12 0 1 13
17 3 1 25
Fecha 2
15 2 1 23
20 0 1 9
6 1 1 27
11 2 2 3
16 0 0 17
25 2 2 29
24 1 0 12
13 2 1 0
26 1 1 10
4 1 2 18
22 1 1 21
7 1 4 1
28 0 2 8
19 0 0 5
2 2 1 14
Fecha 3
23 0 1 2
14 1 0 19
5 2 1 28
8 1 0 7
1 0 0 22
21 1 0 4
18 1 2 26
10 1 3 13
0 2 1 24
12 1 1 25
29 1 1 16
17 1 2 11
3 1 2 6
27 2 2 20
9 0 0 15
Fecha 4
9 2 0 23
15 1 1 27
20 1 1 3
6 1 2 17
11 2 2 29
16 0 0 12
25 0 2 0
24 1 1 10
13 0 2 18
26 0 0 21
4 1 0 1
22 1 1 8
7 1 1 5
28 1 1 14
19 1 3 2
Fecha 5
23 0 0 19
2 1 0 28
14 2 1 7
5 4 1 22
8 2 1 4
1 3 2 26
21 2 2 13
18 3 1 24
10 2 1 25
0 1 5 16
12 3 3 11
29 1 1 6
17 0 1 20
3 2 1 15
27 1 2 9
Fecha 6
27 2 1 23
9 1 1 3
15 1 2 17
20 3 3 29
6 4 0 12
11 1 0 0
16 2 0 10
25 0 1 18
24 4 0 21
13 1 2 1
26 1 1 8
4 1 1 5
22 0 1 14
7 1 1 2
28 0 0 19
Fecha 7
23 1 0 28
19 0 0 7
2 1 1 22
14 0 0 4
5 2 0 26
8 3 0 13
1 1 0 24
21 1 1 25
18 4 0 16
10 2 3 11
0 2 2 6
12 0 3 20
29 1 0 15
17 2 0 9
3 0 4 27
Fecha 8
3 3 1 23
27 1 3 17
9 2 0 29
15 2 1 12
20 2 0 0
6 1 1 10
11 1 0 18
16 0 1 21
25 1 2 1
24 0 2 8
13 1 1 5
26 3 1 14
4 3 3 2
22 1 0 19
7 1 1 28
Fecha 9
23 1 1 7
28 2 1 22
19 0 0 4
2 2 1 26
14 2 0 13
5 2 0 24
8 0 0 25
1 1 2 16
21 1 2 11
18 1 0 6
10 4 1 20
0 2 2 15
12 3 0 9
29 0 1 27
17 2 1 3
Fecha 10
17 1 0 23
3 1 3 29
27 2 0 12
9 2 0 0
15 0 1 10
20 1 0 18
6 0 0 21
11 4 1 1
16 1 3 8
25 0 0 5
24 1 2 14
13 1 1 2
26 2 0 19
4 0 1 28
22 2 1 7
Fecha 11
23 0 0 22
7 2 1 4
28 0 1 26
19 0 0 13
2 1 1 24
14 2 0 25
5 2 0 16
8 2 0 11
1 1 1 6
21 0 1 20
18 1 0 15
10 0 0 9
0 1 0 27
12 0 1 3
29 1 1 17
Fecha 12
29 5 2 23
17 2 0 12
3 0 0 0
27 0 0 10
9 1 1 18
15 0 1 21
20 0 3 1
6 1 1 8
11 0 0 5
16 1 1 14
25 0 2 2
24 1 3 19
13 2 1 28
26 1 1 7
4 2 3 22
Fecha 13
23 3 1 4
22 2 2 26
7 1 2 13
28 0 0 24
19 0 0 25
2 1 1 16
14 0 0 11
5 1 0 6
8 0 3 20
1 1 3 15
21 2 1 9
18 3 0 27
10 3 2 3
0 1 0 17
12 1 1 29
Fecha 14
12 1 0 23
29 1 0 0
17 0 1 10
3 1 2 18
27 0 0 21
9 1 1 1
15 2 0 8
20 1 2 5
6 1 0 14
11 2 0 2
16 2 0 19
25 0 2 28
24 3 2 7
13 0 0 22
26 2 2 4
Fecha 15
23 3 1 26
4 0 1 13
22 1 1 24
7 2 0 25
28 1 1 16
19 1 1 11
2 1 1 6
14 2 1 20
5 3 1 15
8 4 0 9
1 0 0 27
21 0 2 3
18 0 0 17
10 5 2 29
0 0 0 12
Fecha 16
0 3 0 23
12 0 1 10
29 1 1 18
17 2 1 21
3 0 1 1
27 0 1 8
9 3 0 5
15 2 2 14
20 1 3 2
6 3 1 19
11 1 1 28
16 3 0 7
25 0 0 22
24 0 0 4
13 0 0 26
Fecha 17
23 1 2 13
26 3 2 24
4 2 1 25
22 1 2 16
7 1 5 11
28 0 1 6
19 3 1 20
2 0 0 15
14 0 0 9
5 2 1 27
8 2 1 3
1 1 2 17
21 1 2 29
18 3 0 12
10 2 0 0
Fecha 18
10 2 1 23
0 1 1 18
12 3 2 21
29 0 0 1
17 0 1 8
3 2 1 5
27 0 1 14
9 0 1 2
15 0 2 19
20 0 0 28
6 2 0 7
11 3 1 22
16 0 1 4
25 0 0 26
24 1 0 13
Fecha 19
23 3 3 24
13 1 0 25
26 1 1 16
4 1 0 11
22 0 1 6
7 2 1 20
28 2 1 15
19 2 0 9
2 1 1 27
14 0 1 3
5 0 0 17
8 3 4 29
1 4 1 12
21 0 0 0
18 1 0 10
Fecha 20
18 2 1 23
10 4 2 21
0 1 2 1
12 1 2 8
29 1 2 5
17 1 0 14
3 3 1 2
27 0 0 19
9 0 0 28
15 2 2 7
20 1 1 22
6 1 0 4
11 0 1 26
16 0 0 13
25 3 0 24
Fecha 21
23 0 1 25
24 0 0 16
13 2 1 11
26 1 1 6
4 4 0 20
22 0 0 15
7 1 1 9
28 0 0 27
19 0 1 3
2 3 1 17
14 2 1 29
5 2 1 12
8 2 0 0
1 1 0 10
21 2 3 18
Fecha 22
21 4 0 23
18 0 0 1
10 1 2 8
0 1 2 5
12 2 0 14
29 0 1 2
17 0 0 19
3 0 0 28
27 0 1 7
9 0 1 22
15 2 1 4
20 2 0 26
6 1 1 13
11 1 1 24
16 1 0 25
Fecha 23
23 1 3 16
25 1 4 11
24 1 1 6
13 2 1 20
26 3 1 15
4 1 0 9
22 0 1 27
7 2 4 3
28 2 1 17
19 0 0 29
2 1 0 12
14 2 1 0
5 2 0 10
8 0 1 18
1 1 1 21
Fecha 24
26 1 2 0
13 1 1 10
24 1 0 18
25 2 1 21
16 0 1 1
11 0 1 8
6 3 0 5
14 3 0 15
2 0 0 9
19 1 0 27
28 0 0 3
7 1 1 17
22 0 0 29
4 1 0 12
20 2 0 23
Fecha 25
1 2 1 23
21 1 3 8
18 2 1 5
10 1 1 14
0 1 3 2
12 2 1 19
29 2 1 28
17 0 0 7
3 1 0 22
27 2 1 4
9 1 0 26
15 0 1 13
20 0 0 24
6 2 1 25
11 1 1 16
Fecha 26
23 0 1 11
16 1 1 6
25 3 1 20
24 0 0 15
13 0 2 9
26 0 1 27
4 0 1 3
22 0 1 17
7 2 3 29
28 1 2 12
19 1 0 0
2 4 0 10
14 1 1 18
5 1 0 21
8 3 0 1
Fecha 27
8 1 0 23
1 0 0 5
21 2 1 14
18 2 2 2
10 2 2 19
0 3 0 28
12 1 1 7
29 0 0 22
17 1 0 4
3 2 0 26
27 0 1 13
9 2 0 24
15 1 2 25
20 3 1 16
6 3 0 11
Fecha 28
23 0 4 6
11 1 1 20
16 0 1 15
25 5 0 9
24 3 0 27
13 4 1 3
26 1 1 17
4 -1 -1 29
22 3 1 12
7 1 4 0
28 -1 -1 10
19 2 1 18
2 2 0 21
14 3 1 1
5 3 1 8
Fecha 29
5 -1 -1 23
8 -1 -1 14
1 -1 -1 2
21 -1 -1 19
18 -1 -1 28
10 -1 -1 7
0 -1 -1 22
12 -1 -1 4
29 -1 -1 26
17 -1 -1 13
3 -1 -1 24
27 -1 -1 25
9 -1 -1 16
15 -1 -1 11
20 -1 -1 6
Fecha 30
23 -1 -1 20
6 -1 -1 15
11 -1 -1 9
16 -1 -1 27
25 -1 -1 3
24 -1 -1 17
13 -1 -1 29
26 -1 -1 12
4 -1 -1 0
22 -1 -1 10
7 -1 -1 18
28 -1 -1 21
19 -1 -1 1
2 -1 -1 8
14 -1 -1 5
